0 721906136995523693284768691878601009601851433655386582357894375590471538288585079993579886699523
1 326821679130380932251285500361960337745156600889366609056822685023914969261812730507284362001080
2 76518885550822517698450254037199491398380481572948591290632785761598122692718959868853897841728
3 650218412433664232798253667738524567782883053120773320789171715093772650033553973561459573807135
4 341507104944584303169756760416655574450536800438954715593099296654441583322830166419603547625978
5 63742462369820338292324975070583966600352680256516728187485559860711552734119327764133553555871
6 234314001464914789911450308437254221943354406451687541564470614013449499788433554225055559162121
7 24459271178919267903841198348697405514827283765053416687488362041805586335712428583462460624628
8 202746957448633822707544832153012698672384079281474370786031160768774946811967940800482414238127
9 610847205087891800485637957125827697699007443190494337238136644195726438506351143456554691460669
10 191579926670727242824873032377238475647919984812884880866666138522966727574840299271088000035138
11 621170583685291325647775200292182483462061502437369531316062855774115613326151496485616832809736
12 70712600984345440691276990647736357929028783468098877410028354736435478581995960950233224157930
13 638664488104874954878940011732099887977825167189875206734610316557932702938184845232801465623811
14 456763664531751297480186209013699341086939885956186600771829087599808636359999445984263104702362
15 334250331583876066299066303775197572052123969984180318365359560137035596169228720199069501063132
16 344434393236166381509000979094229653173263448833873598075353834416545498336215743565302153440523
17 202396480806563767928689982969036239756564372660528016368410774403633695787840657531749095890552
18 660981724315654966492333137152116698086789824425980614197619877472036543742445721636374991452918
19 377956775306584625440636906607583283018713275431243728325583471495703875833057876158236438189572
20 527143292057721175252193693737163654421716117658820277883182344191484313393471829233496101474214
21 139495123709551799195399493296491223092507633253065643117062135148885824487044607897397285682616
22 4056646543946149340848179767494357206325993726569927440794178788231547073778696335981862918733
23 214038046076672370746283263637688748559820010028327880421869172637375193940253562365269516972670
24 229708120226651052858517079922641297524557729025115522385053527030699035633668620718953733852875
25 246262950441159371972713740506984754806362929133033592186471830765882828639317243494916455369459
26 272608820203814514339329314044679445417327568770594739779233792398603470044876999332245042144424
27 21307434253977678143371197536170405095577099707674544206730758025082354114351641849220129846161
28 345393102879692200934283658368183889085906160002648640210810667728670448045334318405903074432101
29 444170779583079414980893450117456980577165003207537521137678296351829131594069404468246459554641
30 744179868403007859276603659977378037780740032649121769611583194838985497447727534919495662604944
31 409376514997689577438918377524799362581853664120500971929169148451007077683478220289482370504989
32 53133944501324148035308134287406973568226941600638145890797950178173407637442935382207248727584
33 344434393236166381509000979094229653173263448833613995759901072131664317225150878274251244043091
34 704625884090830020953902568445170512979037672000141739241136849276321171667860073552161582088504
35 456749772964671408578369289050966019061259362051687364570636199018967380270217538943929031000714
36 2200295344661351906549877469996864507670223523807114449529057924360765428321172020210735611025
37 494029320615656328642250893837457952501491637639153137036384498639562502085883164001675158275894
38 453177838905452363856882153862172202551581790552278483979949962425110649425635165207888395221399
39 531724805137816694528354806600996025851306304639816685706444979735077721846350068939708216200029
40 545276381237975139017837564071202694367948186255306869722467883868725804235876603190704980065140
41 200184145056687792499013212489619134701795719964691213219105194098816031658808140613068099143657
42 751327279361776419366753455551305875720921457556865116506966661217946851829642045444389169593613
43 724620968651767453343907181055666166090219830513643856408192550571250131454195144553471058272943
44 214038046076672370746283263637688748559820010028797762528187124558858249594136256075757934693571
45 510629707192246019869042272608973462720501452562988428240795283095552269300571571292020323368362
46 54887952028394783652771992846859484374333001389740676241332943463464632645599687462456643146677
47 537515675557834805276105229114484865839503133931935842120922908505603100256815496320836601000505
48 326821679130380932251285500361960337745156600889159950904319827895024205484774211701433049038137
49 194251611102019729647758812393225724505276972404049289057766039096326768588539699807508375151980
